0 0.684803 0.297146 0.052801 0.015074
0 0.741736 0.310776 0.055556 0.013470
0 0.800275 0.325048 0.055096 0.014432
0 0.858815 0.340122 0.056474 0.014432
0 0.801423 0.356158 0.054637 0.013149
0 0.744720 0.372514 0.056933 0.014432
0 0.803260 0.387107 0.054637 0.014112
0 0.862948 0.402502 0.056474 0.015394
0 0.805556 0.418858 0.058310 0.014753
0 0.747016 0.435375 0.056015 0.014432
0 0.806244 0.450609 0.056933 0.015394
0 0.866621 0.465683 0.058310 0.014753
0 0.807851 0.482521 0.057392 0.015074
0 0.750000 0.499359 0.057392 0.014753
0 0.809458 0.514913 0.057851 0.014432
0 0.870294 0.530629 0.059229 0.016357
0 0.871671 0.546825 0.059229 0.016036
0 0.813131 0.563663 0.057851 0.015074
0 0.754591 0.580340 0.059229 0.015715
0 0.696051 0.597498 0.057851 0.014753
