0 0.688303 0.309502 0.056984 0.016487
0 0.747215 0.324041 0.059126 0.014988
0 0.807626 0.341127 0.055698 0.014988
0 0.866324 0.356415 0.055698 0.014388
0 0.807841 0.373052 0.058698 0.015887
0 0.748715 0.390438 0.059554 0.015288
0 0.808483 0.406025 0.057412 0.015288
0 0.868466 0.421912 0.057412 0.016487
0 0.809983 0.439149 0.057841 0.016187
0 0.751500 0.456685 0.059983 0.015887
0 0.811482 0.472422 0.057412 0.014988
0 0.872108 0.488309 0.059554 0.014988
0 0.811911 0.505096 0.059126 0.016187
0 0.753642 0.522932 0.060840 0.015887
0 0.753642 0.539718 0.059126 0.015887
0 0.754070 0.556655 0.059983 0.014988
0 0.694730 0.573141 0.059554 0.015588
0 0.814696 0.588279 0.060411 0.015288
0 0.755998 0.605815 0.060411 0.015588
0 0.816195 0.622452 0.060840 0.015887
