0 0.697380 0.290824 0.057131 0.014072
0 0.756873 0.305482 0.058419 0.015245
0 0.817010 0.321020 0.056701 0.014658
0 0.876933 0.335972 0.057131 0.014072
0 0.818943 0.352829 0.057131 0.013779
0 0.759880 0.370126 0.057560 0.015538
0 0.701675 0.388009 0.057131 0.014952
0 0.761813 0.402228 0.057131 0.014072
0 0.822165 0.417180 0.058419 0.014658
0 0.883162 0.433011 0.057560 0.014658
0 0.824313 0.449282 0.057560 0.014365
0 0.764390 0.466872 0.058849 0.014952
0 0.705326 0.484169 0.056701 0.014365
0 0.766538 0.500293 0.058849 0.014952
0 0.827320 0.514952 0.057560 0.014952
0 0.888101 0.531223 0.057990 0.015831
0 0.829253 0.548519 0.057990 0.014658
0 0.769545 0.566110 0.059708 0.015831
0 0.710052 0.582820 0.057560 0.015245
0 0.771478 0.598651 0.058419 0.014658
