0 0.717111 0.311708 0.052873 0.014211
0 0.772273 0.326382 0.051624 0.013902
0 0.773522 0.342447 0.053289 0.013902
0 0.718776 0.359438 0.053705 0.013902
0 0.664863 0.376120 0.051624 0.013902
0 0.720233 0.391257 0.054954 0.013902
0 0.776228 0.405777 0.053705 0.015137
0 0.831182 0.421687 0.053705 0.013593
0 0.831599 0.438060 0.055371 0.015446
0 0.777269 0.453815 0.052456 0.014829
0 0.722731 0.471579 0.053289 0.014520
0 0.723147 0.487952 0.054954 0.014520
0 0.668193 0.504634 0.052456 0.015137
0 0.723772 0.520544 0.056203 0.016064
0 0.779767 0.536299 0.054954 0.014829
0 0.838260 0.551437 0.056203 0.015446
0 0.838260 0.568428 0.056203 0.014829
0 0.782681 0.586036 0.054954 0.016682
0 0.726894 0.602564 0.054954 0.015755
0 0.672148 0.619092 0.055371 0.015446
