0 0.681080 0.283626 0.053999 0.014035
0 0.682704 0.298684 0.054811 0.013158
0 0.739139 0.313158 0.053187 0.013450
0 0.739951 0.328363 0.054811 0.014035
0 0.797605 0.342398 0.054811 0.012865
0 0.684937 0.360088 0.055217 0.014327
0 0.799838 0.373392 0.056029 0.013450
0 0.858709 0.387865 0.057653 0.014327
0 0.801462 0.404532 0.055217 0.014327
0 0.745635 0.421930 0.057247 0.014620
0 0.746650 0.437719 0.056029 0.014035
0 0.689809 0.455117 0.056029 0.014327
0 0.806334 0.469298 0.056841 0.014620
0 0.807146 0.485380 0.056029 0.013450
0 0.749289 0.502485 0.055623 0.014327
0 0.809988 0.518421 0.057653 0.015205
0 0.692245 0.536111 0.057653 0.014912
0 0.751523 0.552047 0.059277 0.015205
0 0.694275 0.569006 0.057653 0.016374
0 0.813033 0.584357 0.058871 0.014912
