0 0.705232 0.295756 0.057285 0.012944
0 0.765900 0.310054 0.057736 0.014449
0 0.827921 0.324955 0.058187 0.014148
0 0.890618 0.339856 0.059991 0.013847
0 0.828146 0.356562 0.061344 0.015352
0 0.831078 0.372517 0.059991 0.014750
0 0.832206 0.388772 0.058638 0.014148
0 0.771764 0.406081 0.058638 0.014449
0 0.771764 0.421884 0.058638 0.015352
0 0.772215 0.437538 0.058638 0.014750
0 0.834912 0.452739 0.058638 0.013847
0 0.898286 0.467489 0.059991 0.013847
0 0.837393 0.485852 0.059089 0.015051
0 0.775372 0.502559 0.061344 0.015352
0 0.714028 0.519416 0.061344 0.015352
0 0.777402 0.534919 0.059991 0.014449
0 0.840325 0.550572 0.060442 0.014449
0 0.903924 0.566526 0.060442 0.015653
0 0.843031 0.584136 0.061344 0.015352
0 0.781461 0.600843 0.060893 0.015653
