0 0.789240 0.289677 0.056914 0.014194
0 0.733215 0.306452 0.054246 0.013548
0 0.791241 0.321613 0.055580 0.014194
0 0.676523 0.339194 0.056470 0.014516
0 0.678079 0.355323 0.055136 0.013871
0 0.851267 0.369194 0.056470 0.014516
0 0.794131 0.385968 0.055136 0.014516
0 0.736994 0.402419 0.055580 0.014516
0 0.795465 0.418387 0.056914 0.014194
0 0.679635 0.436290 0.055580 0.014516
0 0.856158 0.450484 0.056470 0.014516
0 0.798799 0.468226 0.057359 0.015806
0 0.740107 0.484355 0.056470 0.015806
0 0.799689 0.500968 0.058248 0.015484
0 0.682526 0.518710 0.057803 0.014839
0 0.682081 0.535000 0.057803 0.015161
0 0.862383 0.551129 0.057359 0.015161
0 0.863050 0.568548 0.057803 0.016452
0 0.803913 0.585806 0.058693 0.016774
0 0.744998 0.602419 0.057359 0.015161
