0 0.749589 0.313117 0.055464 0.015670
0 0.749795 0.329803 0.055053 0.014219
0 0.807313 0.345763 0.055875 0.015961
0 0.808135 0.362449 0.056697 0.014510
0 0.808546 0.378555 0.056697 0.015961
0 0.751643 0.395096 0.056286 0.015961
0 0.693919 0.411782 0.057518 0.015090
0 0.867502 0.427597 0.055464 0.014800
0 0.811011 0.444283 0.055875 0.015090
0 0.753081 0.460824 0.055875 0.015090
0 0.695974 0.478381 0.056697 0.015380
0 0.753492 0.494051 0.054232 0.014800
0 0.812243 0.510302 0.057518 0.014800
0 0.871200 0.525972 0.056286 0.015380
0 0.812449 0.543239 0.057108 0.016251
0 0.755341 0.560215 0.057108 0.015961
0 0.814297 0.576175 0.057518 0.015380
0 0.872021 0.592136 0.055464 0.015380
0 0.814297 0.608967 0.057518 0.015961
0 0.698233 0.627249 0.057108 0.016541
