0 0.865035 0.299411 0.054159 0.014560
0 0.808925 0.315520 0.054593 0.013941
0 0.866334 0.331475 0.054159 0.014870
0 0.753466 0.349133 0.055459 0.014870
0 0.753683 0.365087 0.055893 0.013321
0 0.697140 0.381506 0.054593 0.016419
0 0.812392 0.396685 0.053726 0.013941
0 0.754983 0.413879 0.056759 0.015489
0 0.756932 0.430917 0.057192 0.014870
0 0.814558 0.447026 0.055459 0.015489
0 0.872400 0.460657 0.055893 0.014870
0 0.698657 0.479554 0.055893 0.014870
0 0.757799 0.495818 0.055459 0.014560
0 0.700173 0.512856 0.056326 0.013941
0 0.817374 0.528346 0.054159 0.015180
0 0.759749 0.545539 0.055893 0.016109
0 0.877383 0.561029 0.057192 0.016109
0 0.702990 0.579771 0.055893 0.017038
0 0.762348 0.595415 0.055893 0.015489
0 0.703640 0.613073 0.058059 0.015489
