0 0.658505 0.284731 0.054124 0.013767
0 0.714991 0.298498 0.051976 0.013141
0 0.770619 0.312109 0.054983 0.012829
0 0.717139 0.329161 0.052835 0.013767
0 0.719072 0.344806 0.054983 0.013767
0 0.720146 0.360607 0.054553 0.012829
0 0.777277 0.374374 0.054553 0.014706
0 0.833548 0.387985 0.056271 0.013767
0 0.834837 0.403942 0.055412 0.013767
0 0.836985 0.419900 0.055412 0.014393
0 0.783076 0.437578 0.054124 0.014706
0 0.840206 0.453066 0.055842 0.015019
0 0.785653 0.469806 0.054983 0.014080
0 0.730885 0.488579 0.053694 0.014706
0 0.675473 0.505319 0.053694 0.014393
0 0.676546 0.522215 0.054983 0.015019
0 0.734536 0.536608 0.055842 0.014393
0 0.679338 0.554599 0.053694 0.014080
0 0.736469 0.569462 0.053694 0.015645
0 0.682131 0.588079 0.055842 0.014706
