0 0.811121 0.291335 0.056985 0.013699
0 0.812960 0.306626 0.055147 0.013699
0 0.814568 0.322396 0.055607 0.014017
0 0.756664 0.340236 0.055607 0.013380
0 0.758961 0.356164 0.056526 0.012743
0 0.700827 0.374642 0.056985 0.015291
0 0.880055 0.384040 0.058824 0.014336
0 0.882123 0.400446 0.058364 0.013380
0 0.883961 0.416693 0.059283 0.012743
0 0.824219 0.435489 0.057445 0.015291
0 0.765855 0.453011 0.058364 0.012743
0 0.706572 0.470851 0.058364 0.014017
0 0.768153 0.485983 0.057445 0.014973
0 0.769531 0.502071 0.059283 0.014654
0 0.711857 0.519592 0.057904 0.014017
0 0.833410 0.532654 0.060202 0.013380
0 0.896369 0.548264 0.058364 0.014017
0 0.897748 0.565148 0.060202 0.015291
0 0.777344 0.584581 0.060202 0.015291
0 0.717601 0.602262 0.060202 0.014973
