0 0.678840 0.305744 0.054449 0.014824
0 0.736388 0.320723 0.051793 0.015133
0 0.737273 0.337091 0.056220 0.014515
0 0.679504 0.353768 0.057548 0.014515
0 0.795485 0.368592 0.056662 0.015750
0 0.854139 0.384497 0.057105 0.014206
0 0.797034 0.400710 0.057105 0.015133
0 0.737273 0.417387 0.057990 0.015133
0 0.738380 0.433601 0.055777 0.014206
0 0.738822 0.449351 0.056662 0.014206
0 0.679947 0.466800 0.056662 0.015750
0 0.797034 0.482397 0.057105 0.014206
0 0.857459 0.498301 0.057548 0.014515
0 0.857238 0.514515 0.056220 0.014824
0 0.857680 0.531501 0.057105 0.014206
0 0.799690 0.547251 0.057990 0.015442
0 0.740372 0.563774 0.056220 0.014515
0 0.739486 0.580451 0.056220 0.014515
0 0.740593 0.596973 0.055777 0.016059
0 0.800797 0.613496 0.058433 0.015750
