0 0.688153 0.303813 0.057491 0.015011
0 0.748476 0.320024 0.057056 0.013810
0 0.748911 0.335635 0.057927 0.013810
0 0.808580 0.350495 0.057927 0.014110
0 0.868685 0.366106 0.057927 0.014710
0 0.809887 0.382318 0.057927 0.015311
0 0.751524 0.399580 0.058798 0.015011
0 0.811629 0.415491 0.057927 0.016211
0 0.812718 0.431552 0.058362 0.014110
0 0.813153 0.447914 0.058362 0.013209
0 0.753920 0.465326 0.056620 0.013209
0 0.755226 0.481687 0.055749 0.013509
0 0.815331 0.496548 0.055749 0.014410
0 0.816855 0.512909 0.057927 0.012909
0 0.756751 0.530471 0.057056 0.014410
0 0.757622 0.547133 0.059669 0.015311
0 0.698389 0.564545 0.057927 0.014710
0 0.880444 0.579105 0.057927 0.013810
0 0.880880 0.595917 0.057927 0.014410
0 0.700566 0.613329 0.058798 0.014410
