0 0.663903 0.293529 0.052296 0.013754
0 0.719388 0.307909 0.052721 0.013129
0 0.666667 0.325258 0.052721 0.012817
0 0.667730 0.341826 0.051446 0.014067
0 0.779124 0.354017 0.052296 0.014692
0 0.835672 0.368084 0.054847 0.013442
0 0.836947 0.384183 0.053146 0.013754
0 0.838223 0.400594 0.053146 0.014067
0 0.783588 0.417787 0.054422 0.014067
0 0.728954 0.435136 0.054847 0.013129
0 0.786565 0.449359 0.053571 0.014692
0 0.674532 0.469834 0.053146 0.015005
0 0.676658 0.486089 0.053146 0.013129
0 0.733206 0.500625 0.054847 0.014067
0 0.790816 0.514848 0.056122 0.014379
0 0.848002 0.530322 0.055697 0.014692
0 0.793155 0.548296 0.055697 0.014379
0 0.737670 0.566896 0.055272 0.014067
0 0.681973 0.584714 0.055272 0.014692
0 0.853529 0.596905 0.053997 0.014692
