0 0.672302 0.293591 0.053749 0.015940
0 0.727135 0.309369 0.053316 0.014314
0 0.726918 0.326285 0.054616 0.015615
0 0.672302 0.343364 0.054616 0.017241
0 0.672735 0.359954 0.053749 0.015290
0 0.672735 0.375895 0.053749 0.015290
0 0.728002 0.392485 0.055050 0.015940
0 0.839185 0.406636 0.055483 0.015615
0 0.784785 0.424366 0.054183 0.015940
0 0.840485 0.440794 0.056350 0.016265
0 0.785436 0.457385 0.052883 0.015615
0 0.785002 0.474789 0.054616 0.015290
0 0.729519 0.491542 0.054616 0.015615
0 0.786519 0.508133 0.055050 0.014314
0 0.674469 0.525211 0.053749 0.014639
0 0.842870 0.541152 0.056784 0.015290
0 0.786519 0.558230 0.054183 0.014964
0 0.730603 0.575309 0.055917 0.016591
0 0.675119 0.592225 0.055917 0.016591
0 0.843736 0.608816 0.055917 0.016591
