0 0.719298 0.282476 0.054226 0.013368
0 0.719896 0.298750 0.054625 0.013949
0 0.663676 0.315315 0.053828 0.013949
0 0.777512 0.328829 0.054226 0.013659
0 0.835128 0.343650 0.054625 0.014821
0 0.666268 0.362249 0.053429 0.014240
0 0.667265 0.378814 0.053828 0.013078
0 0.724282 0.393781 0.055423 0.014531
0 0.781499 0.408457 0.054226 0.014240
0 0.725478 0.426039 0.054625 0.014531
0 0.840510 0.440279 0.056619 0.013949
0 0.841707 0.456844 0.055821 0.015112
0 0.669657 0.475588 0.055423 0.014821
0 0.727871 0.491136 0.055423 0.015112
0 0.729067 0.507992 0.056220 0.015693
0 0.787081 0.522813 0.055821 0.015112
0 0.672049 0.541412 0.056220 0.015112
0 0.846890 0.555943 0.055821 0.015112
0 0.847488 0.573089 0.056220 0.013949
0 0.731260 0.590235 0.056619 0.015112
