0 0.713459 0.224082 0.051257 0.014137
0 0.770337 0.236731 0.052579 0.013641
0 0.827216 0.248884 0.052579 0.012649
0 0.664517 0.267361 0.052579 0.013889
0 0.776951 0.278894 0.053902 0.013145
0 0.837798 0.292659 0.055225 0.014881
0 0.783069 0.308904 0.054894 0.013641
0 0.728009 0.325397 0.053902 0.015377
0 0.674107 0.342138 0.055886 0.014633
0 0.732639 0.356647 0.056548 0.015377
0 0.676257 0.373512 0.056217 0.014881
0 0.737103 0.389013 0.057540 0.015625
0 0.680390 0.406126 0.057209 0.016121
0 0.741567 0.422247 0.057209 0.015625
0 0.804067 0.437376 0.058532 0.016121
0 0.867063 0.453001 0.057540 0.015129
0 0.870866 0.470610 0.058532 0.015129
0 0.874339 0.488467 0.060185 0.015625
0 0.878307 0.505952 0.059524 0.015377
0 0.694775 0.527282 0.060185 0.017361
