0 0.641700 0.262153 0.048611 0.013889
0 0.642857 0.276042 0.050926 0.013393
0 0.644841 0.289559 0.048942 0.014633
0 0.646660 0.302827 0.052579 0.013889
0 0.647652 0.317460 0.049934 0.015873
0 0.699239 0.330481 0.051257 0.014633
0 0.751819 0.343378 0.050595 0.013145
0 0.804729 0.357515 0.052579 0.015129
0 0.653604 0.373264 0.051918 0.015377
0 0.707837 0.388393 0.052579 0.015873
0 0.709491 0.402406 0.051918 0.014633
0 0.763558 0.415923 0.054233 0.013889
0 0.713790 0.432168 0.052579 0.015129
0 0.768849 0.446801 0.052249 0.014137
0 0.718585 0.463790 0.052910 0.015377
0 0.773810 0.478671 0.052910 0.016865
0 0.667989 0.496032 0.056217 0.015873
0 0.832837 0.509301 0.053241 0.015129
0 0.836310 0.525794 0.053571 0.015873
0 0.672950 0.544767 0.056217 0.015129
