0 0.659557 0.264261 0.054563 0.015129
0 0.717262 0.279638 0.056878 0.015625
0 0.774967 0.296875 0.055886 0.015873
0 0.831184 0.311880 0.053902 0.015625
0 0.775463 0.329365 0.058862 0.016865
0 0.720073 0.346726 0.059193 0.015873
0 0.664021 0.364335 0.057540 0.014881
0 0.779927 0.379464 0.059193 0.014881
0 0.721892 0.396949 0.055556 0.016617
0 0.665675 0.415055 0.057540 0.015129
0 0.840112 0.430308 0.059854 0.017857
0 0.668155 0.449529 0.059193 0.016121
0 0.667989 0.468874 0.056878 0.017609
0 0.785053 0.482143 0.057540 0.016369
0 0.786872 0.499504 0.060516 0.015377
0 0.729663 0.518601 0.061177 0.017361
0 0.670966 0.535714 0.060185 0.015377
0 0.848545 0.552083 0.058201 0.018353
0 0.731978 0.571801 0.057870 0.017113
0 0.851025 0.586682 0.057209 0.016617
