0 0.686673 0.254836 0.048611 0.014137
0 0.637897 0.269097 0.048942 0.013393
0 0.740079 0.281746 0.050265 0.013889
0 0.792659 0.294643 0.051587 0.012897
0 0.642030 0.309772 0.050595 0.013889
0 0.745536 0.322297 0.051257 0.014137
0 0.696429 0.338666 0.050926 0.015625
0 0.802579 0.350942 0.051587 0.013393
0 0.647652 0.367808 0.052579 0.013889
0 0.807209 0.380828 0.051587 0.014633
0 0.651290 0.398313 0.053241 0.015873
0 0.758433 0.412078 0.052579 0.016121
0 0.814153 0.426959 0.052910 0.015625
0 0.709821 0.444072 0.053241 0.016121
0 0.765708 0.458581 0.052579 0.015377
0 0.822751 0.474206 0.052910 0.016369
0 0.660218 0.492932 0.055225 0.015625
0 0.828373 0.507316 0.054233 0.016617
0 0.720073 0.525546 0.055225 0.016865
0 0.833995 0.540055 0.056217 0.016121
