0 0.636078 0.222346 0.053241 0.014137
0 0.692130 0.235491 0.052910 0.013641
0 0.748181 0.248388 0.053241 0.013641
0 0.805060 0.261161 0.053902 0.013889
0 0.698413 0.278274 0.054894 0.013889
0 0.811177 0.290923 0.054894 0.013889
0 0.758433 0.306672 0.055225 0.014137
0 0.704861 0.323785 0.056548 0.014633
0 0.819279 0.336062 0.055225 0.014881
0 0.652116 0.356027 0.058862 0.015625
0 0.825397 0.367932 0.056217 0.015129
0 0.713459 0.387153 0.055886 0.015377
0 0.831845 0.400422 0.056548 0.014633
0 0.659226 0.421255 0.059193 0.015625
0 0.778604 0.434276 0.057870 0.016865
0 0.722222 0.453249 0.059524 0.015625
0 0.665179 0.472718 0.060516 0.017361
0 0.727183 0.487227 0.058201 0.017113
0 0.791005 0.502852 0.058862 0.016617
0 0.854497 0.520709 0.060847 0.016617
