0 0.639220 0.219742 0.052249 0.012897
0 0.691468 0.233135 0.052249 0.016369
0 0.745536 0.247644 0.051257 0.012649
0 0.799107 0.260045 0.055886 0.014137
0 0.747520 0.275422 0.053902 0.013641
0 0.696925 0.290055 0.053902 0.014137
0 0.646329 0.304688 0.052579 0.016121
0 0.700893 0.319692 0.052579 0.013393
0 0.701554 0.333953 0.054563 0.015129
0 0.703869 0.350694 0.053241 0.015873
0 0.704530 0.366939 0.053241 0.016617
0 0.760582 0.381572 0.055556 0.016617
0 0.653108 0.396949 0.056878 0.014137
0 0.763393 0.412078 0.057209 0.016617
0 0.655258 0.429439 0.055886 0.015625
0 0.767361 0.444816 0.054563 0.016617
0 0.713624 0.460938 0.057540 0.015625
0 0.827381 0.477555 0.056878 0.017609
0 0.660218 0.496156 0.057870 0.016617
0 0.774967 0.511409 0.057870 0.015873
