0 0.657573 0.247520 0.057870 0.016865
0 0.659061 0.264509 0.058201 0.017113
0 0.715939 0.279514 0.054233 0.016369
0 0.773313 0.294147 0.058532 0.014385
0 0.832672 0.309524 0.060847 0.015873
0 0.776455 0.327009 0.058201 0.015129
0 0.721892 0.344370 0.058201 0.016617
0 0.664683 0.361111 0.058862 0.016865
0 0.780919 0.376984 0.058532 0.017361
0 0.666667 0.395709 0.059524 0.016617
0 0.842427 0.410466 0.058532 0.019345
0 0.785218 0.428447 0.060516 0.017113
0 0.729001 0.445437 0.059193 0.016865
0 0.847718 0.462302 0.061177 0.017361
0 0.671627 0.482267 0.060185 0.017113
0 0.852017 0.497892 0.062500 0.018105
0 0.734623 0.517361 0.062500 0.017361
0 0.856481 0.534102 0.061508 0.017609
0 0.676918 0.554315 0.060847 0.018353
0 0.858466 0.571305 0.060847 0.020089
