0 0.605985 0.226562 0.053902 0.013145
0 0.714947 0.237971 0.052249 0.013145
0 0.609458 0.254340 0.053571 0.013145
0 0.773313 0.264137 0.052579 0.013393
0 0.721396 0.280258 0.053241 0.013889
0 0.669312 0.296751 0.054233 0.014137
0 0.781746 0.307912 0.055556 0.013641
0 0.784392 0.323785 0.053571 0.014137
0 0.787368 0.338914 0.054233 0.014633
0 0.621528 0.359499 0.056548 0.015129
0 0.792989 0.370660 0.056878 0.016121
0 0.738757 0.388517 0.056878 0.014633
0 0.683697 0.406994 0.057209 0.017857
0 0.800265 0.419891 0.055556 0.014881
0 0.629630 0.440476 0.056878 0.015873
0 0.807540 0.453125 0.057540 0.017361
0 0.632771 0.474206 0.059854 0.015873
0 0.812169 0.487103 0.058201 0.016369
0 0.636739 0.509549 0.060516 0.018105
0 0.819279 0.522321 0.058532 0.017361
