0 0.698413 0.229787 0.054233 0.015129
0 0.699901 0.244544 0.054563 0.013889
0 0.646495 0.260541 0.054894 0.015129
0 0.758598 0.274182 0.054894 0.015129
0 0.816964 0.288442 0.055225 0.015873
0 0.763062 0.304191 0.055886 0.016617
0 0.708168 0.321057 0.057209 0.016121
0 0.766534 0.336930 0.056878 0.014633
0 0.827050 0.351314 0.056878 0.015625
0 0.656746 0.370908 0.057540 0.015129
0 0.831845 0.384921 0.057870 0.015873
0 0.776455 0.402530 0.056878 0.017361
0 0.720073 0.419395 0.058532 0.015377
0 0.840278 0.436136 0.057540 0.018105
0 0.783896 0.453745 0.057870 0.015625
0 0.666501 0.472222 0.058532 0.015873
0 0.788194 0.489087 0.059193 0.017361
0 0.730324 0.507937 0.060516 0.016865
0 0.854497 0.523562 0.060185 0.016369
0 0.672950 0.545635 0.059524 0.018849
