0 0.620866 0.278398 0.054563 0.016121
0 0.674603 0.292783 0.056217 0.014137
0 0.675099 0.308036 0.055225 0.014881
0 0.622851 0.324529 0.055886 0.016121
0 0.678571 0.338666 0.056878 0.014633
0 0.625496 0.356151 0.055886 0.014881
0 0.682044 0.371032 0.055886 0.016865
0 0.682044 0.386533 0.056548 0.015129
0 0.628638 0.404390 0.056217 0.016617
0 0.685020 0.419023 0.059854 0.015129
0 0.631614 0.436756 0.055556 0.016369
0 0.687996 0.452009 0.058532 0.017609
0 0.689484 0.470362 0.057540 0.016617
0 0.632771 0.471354 0.057870 0.017113
0 0.634755 0.487723 0.059193 0.017113
0 0.692956 0.502728 0.059854 0.015873
0 0.693287 0.521825 0.062500 0.017361
0 0.751984 0.535714 0.057540 0.015377
0 0.809854 0.551339 0.059524 0.016369
0 0.755456 0.570809 0.059193 0.017113
0 0.815476 0.586682 0.058862 0.016617
