0 0.655589 0.218130 0.053902 0.012649
0 0.711806 0.231771 0.053241 0.015129
0 0.767857 0.245288 0.054894 0.014385
0 0.715774 0.259921 0.053902 0.014881
0 0.772321 0.273810 0.053902 0.013889
0 0.718915 0.290303 0.055556 0.014137
0 0.775132 0.288938 0.055556 0.013889
0 0.721396 0.305060 0.055886 0.015873
0 0.779597 0.320312 0.056548 0.016121
0 0.724868 0.335938 0.058201 0.015129
0 0.784392 0.351190 0.056217 0.015377
0 0.729497 0.367932 0.056217 0.014137
0 0.789187 0.383309 0.057870 0.015625
0 0.734127 0.400918 0.056217 0.016617
0 0.794312 0.416543 0.057540 0.016617
0 0.738261 0.433656 0.059193 0.015625
0 0.799603 0.450893 0.058862 0.016865
0 0.743221 0.469122 0.059193 0.017113
0 0.805721 0.486483 0.059193 0.018105
0 0.747685 0.504588 0.061508 0.018601
0 0.810847 0.521081 0.061508 0.017361
