0 0.663525 0.299231 0.054563 0.015625
0 0.717758 0.315352 0.052579 0.016121
0 0.719411 0.343874 0.054563 0.014137
0 0.773644 0.345238 0.054563 0.017361
0 0.828538 0.358879 0.051257 0.017361
0 0.775959 0.374380 0.057209 0.015129
0 0.722718 0.390873 0.053902 0.014881
0 0.778770 0.404762 0.056217 0.014385
0 0.835979 0.436136 0.054894 0.015129
0 0.673115 0.454985 0.056548 0.014137
0 0.784888 0.468750 0.057870 0.015377
0 0.675595 0.486979 0.056878 0.014633
0 0.843585 0.501488 0.057540 0.016369
0 0.678241 0.520337 0.056217 0.015873
0 0.847553 0.535342 0.058201 0.019097
0 0.736938 0.553571 0.056548 0.018849
0 0.795966 0.569940 0.058201 0.016865
0 0.684028 0.586806 0.059193 0.016865
0 0.856647 0.602803 0.055225 0.017113
