0 0.644180 0.269841 0.048280 0.012897
0 0.692956 0.282242 0.047950 0.012897
0 0.744213 0.295263 0.047950 0.014633
0 0.794808 0.307044 0.048611 0.013393
0 0.698743 0.321181 0.049603 0.013889
0 0.799438 0.333829 0.049272 0.013889
0 0.651124 0.347842 0.049603 0.014633
0 0.703042 0.362475 0.049603 0.014633
0 0.756118 0.376612 0.051257 0.015625
0 0.655919 0.390749 0.051257 0.015129
0 0.811012 0.403398 0.051257 0.015129
0 0.658069 0.420139 0.050926 0.014881
0 0.712302 0.434400 0.052910 0.015129
0 0.766369 0.448165 0.051918 0.013889
0 0.821263 0.463418 0.052579 0.016617
0 0.770503 0.479663 0.051587 0.016369
0 0.719742 0.495412 0.053241 0.016121
0 0.775959 0.511409 0.053902 0.016865
0 0.723380 0.527902 0.054563 0.017113
0 0.836144 0.542907 0.056548 0.017361
