0 0.687500 0.249876 0.050926 0.014633
0 0.741567 0.263021 0.050595 0.014137
0 0.691138 0.275794 0.051587 0.013889
0 0.797454 0.289062 0.051257 0.013641
0 0.800430 0.303695 0.050595 0.014137
0 0.802249 0.317088 0.051587 0.013145
0 0.804563 0.331969 0.052249 0.015625
0 0.753307 0.346726 0.052910 0.013889
0 0.701224 0.362599 0.053902 0.014881
0 0.647156 0.377728 0.054233 0.015873
0 0.759921 0.391865 0.053571 0.015377
0 0.762235 0.408358 0.054233 0.015129
0 0.708333 0.423735 0.055556 0.014633
0 0.654431 0.440972 0.055556 0.016865
0 0.768188 0.456473 0.055556 0.017609
0 0.828042 0.471726 0.054233 0.015873
0 0.715443 0.489211 0.055886 0.015625
0 0.775628 0.505084 0.055886 0.015625
0 0.836144 0.521577 0.057209 0.016865
0 0.663525 0.540551 0.058532 0.016617
