0 0.647487 0.271453 0.052249 0.016617
0 0.698082 0.286334 0.051587 0.014137
0 0.750165 0.299975 0.053902 0.015129
0 0.802083 0.313740 0.053241 0.014881
0 0.649967 0.329985 0.052579 0.015625
0 0.702877 0.342510 0.051918 0.012897
0 0.754795 0.358755 0.052579 0.014633
0 0.808697 0.372892 0.055225 0.016617
0 0.809524 0.388765 0.055556 0.015129
0 0.810185 0.403646 0.054894 0.016121
0 0.812500 0.420015 0.056217 0.016617
0 0.813657 0.435516 0.055886 0.014385
0 0.761243 0.450025 0.054233 0.015625
0 0.815972 0.466022 0.055225 0.015873
0 0.763393 0.482267 0.053902 0.016617
0 0.818452 0.498016 0.054894 0.016369
0 0.766369 0.514261 0.055225 0.017113
0 0.821925 0.530382 0.057209 0.015625
0 0.768519 0.546503 0.056217 0.016617
0 0.660218 0.563368 0.056548 0.018601
