0 0.635417 0.248512 0.052579 0.014881
0 0.637566 0.263021 0.053571 0.015129
0 0.691964 0.277282 0.053241 0.014881
0 0.746693 0.292039 0.057540 0.013641
0 0.803406 0.305804 0.056548 0.014385
0 0.750992 0.321553 0.057540 0.014633
0 0.807374 0.336682 0.056548 0.015625
0 0.698578 0.352803 0.057209 0.014633
0 0.643684 0.369048 0.057209 0.016369
0 0.756944 0.383805 0.059524 0.016121
0 0.816799 0.399058 0.062169 0.015873
0 0.704696 0.415179 0.060847 0.016369
0 0.821098 0.432044 0.056878 0.015873
0 0.764550 0.451637 0.057540 0.018849
0 0.650794 0.466518 0.057540 0.015873
0 0.827546 0.484003 0.059854 0.020585
0 0.711144 0.501364 0.061177 0.018601
0 0.833829 0.518477 0.062500 0.017609
0 0.715278 0.536954 0.061508 0.018353
0 0.837467 0.554067 0.061177 0.016865
