0 0.652282 0.223834 0.050595 0.014137
0 0.755291 0.237475 0.050926 0.014633
0 0.653604 0.250496 0.050595 0.014385
0 0.810681 0.264385 0.051918 0.013889
0 0.707837 0.279390 0.051257 0.015129
0 0.760747 0.292287 0.053902 0.013641
0 0.815972 0.307168 0.054563 0.016617
0 0.658730 0.320809 0.053571 0.015625
0 0.819114 0.335938 0.050926 0.015129
0 0.713624 0.350570 0.052249 0.016121
0 0.823909 0.366195 0.055225 0.016121
0 0.716601 0.380332 0.053571 0.016121
0 0.828373 0.396825 0.053571 0.016369
0 0.664517 0.411582 0.055225 0.017609
0 0.831680 0.427951 0.056217 0.016121
0 0.667328 0.443700 0.055556 0.017857
0 0.836475 0.460069 0.055225 0.015377
0 0.725198 0.477183 0.054894 0.017857
0 0.841435 0.494048 0.054563 0.017361
0 0.671296 0.509425 0.058862 0.019345
