0 0.633433 0.269097 0.052579 0.015377
0 0.634259 0.284722 0.054894 0.014385
0 0.792328 0.296503 0.055556 0.014137
0 0.795470 0.311756 0.054563 0.014881
0 0.637070 0.327009 0.053902 0.015129
0 0.638228 0.342386 0.054233 0.013641
0 0.799769 0.356275 0.055886 0.013145
0 0.801918 0.371156 0.056878 0.016121
0 0.641369 0.387773 0.055886 0.014633
0 0.642361 0.403150 0.055225 0.013145
0 0.806382 0.418527 0.057209 0.018105
0 0.808862 0.435020 0.054233 0.015377
0 0.645007 0.450025 0.054563 0.017113
0 0.645999 0.468006 0.057209 0.018353
0 0.814484 0.483259 0.057540 0.018105
0 0.817130 0.499876 0.058862 0.015129
0 0.649306 0.516369 0.055225 0.018353
0 0.650463 0.534226 0.056878 0.017361
0 0.822751 0.550595 0.057540 0.018353
0 0.825231 0.567832 0.060516 0.017113
