0 0.676422 0.294891 0.046627 0.011905
0 0.727183 0.306300 0.047619 0.011905
0 0.777282 0.317088 0.049272 0.011161
0 0.632440 0.332837 0.048611 0.011905
0 0.683697 0.344990 0.049934 0.012897
0 0.734458 0.356151 0.051587 0.012401
0 0.786541 0.368800 0.051918 0.012897
0 0.638558 0.384921 0.050265 0.013889
0 0.690476 0.397197 0.050926 0.011657
0 0.743552 0.409722 0.050595 0.013889
0 0.796958 0.422123 0.053571 0.013889
0 0.645503 0.438988 0.051587 0.013393
0 0.697917 0.452877 0.052579 0.014385
0 0.646329 0.468626 0.052579 0.015129
0 0.702050 0.481771 0.054233 0.014633
0 0.651455 0.497768 0.054233 0.014385
0 0.704034 0.496528 0.055556 0.014385
0 0.760582 0.510665 0.055556 0.014881
0 0.707837 0.526662 0.055886 0.016617
0 0.765708 0.541295 0.055886 0.014137
0 0.658069 0.559152 0.058862 0.015625
