0 0.651951 0.267733 0.048611 0.013641
0 0.803241 0.280258 0.049603 0.014881
0 0.704530 0.294147 0.047950 0.013889
0 0.806382 0.306796 0.049272 0.013393
0 0.707507 0.321305 0.048611 0.013641
0 0.760086 0.335193 0.049272 0.013641
0 0.659392 0.349950 0.049603 0.014881
0 0.814980 0.363095 0.051257 0.013889
0 0.661706 0.378968 0.050926 0.013393
0 0.819940 0.392237 0.050595 0.014137
0 0.664352 0.407986 0.052249 0.015377
0 0.824735 0.422619 0.052249 0.013393
0 0.773644 0.437872 0.051257 0.014633
0 0.721892 0.454117 0.052249 0.016369
0 0.778439 0.468626 0.054233 0.015129
0 0.670470 0.485243 0.055225 0.014633
0 0.837467 0.499876 0.053902 0.015625
0 0.674438 0.517609 0.055886 0.015377
0 0.787202 0.532862 0.053241 0.016121
0 0.846561 0.548983 0.054233 0.016617
