0 0.669312 0.279018 0.053571 0.015377
0 0.722884 0.293775 0.052910 0.016617
0 0.670139 0.308656 0.055225 0.014633
0 0.724868 0.323661 0.052910 0.016369
0 0.619378 0.336558 0.053571 0.014881
0 0.726190 0.351935 0.053571 0.017361
0 0.672784 0.366195 0.055886 0.016121
0 0.729167 0.382440 0.055556 0.015873
0 0.783896 0.399554 0.054563 0.017361
0 0.729663 0.412698 0.055225 0.016865
0 0.621197 0.428075 0.053902 0.015377
0 0.677745 0.444692 0.059854 0.017857
0 0.734623 0.460938 0.055225 0.016121
0 0.678241 0.476190 0.057540 0.015873
0 0.736276 0.493924 0.059193 0.018601
0 0.793485 0.511409 0.059854 0.015873
0 0.681382 0.526786 0.059193 0.020337
0 0.796296 0.544147 0.060847 0.019345
0 0.741237 0.560020 0.060516 0.017857
0 0.626819 0.577257 0.059854 0.019593
