0 0.681520 0.294376 0.055046 0.015080
0 0.738969 0.309771 0.054609 0.014452
0 0.684142 0.326107 0.054172 0.014452
0 0.798602 0.340559 0.055046 0.015080
0 0.742027 0.356582 0.054609 0.015080
0 0.858017 0.370877 0.055046 0.014766
0 0.743556 0.389255 0.057667 0.015708
0 0.687855 0.406221 0.056356 0.016337
0 0.745304 0.420515 0.056793 0.014138
0 0.805374 0.435595 0.057230 0.014766
0 0.747706 0.453189 0.056356 0.014766
0 0.690476 0.470782 0.058104 0.015394
0 0.807776 0.485077 0.056793 0.014452
0 0.868065 0.500943 0.057667 0.016023
0 0.869375 0.517436 0.057667 0.014452
0 0.752075 0.535658 0.056356 0.016337
0 0.695282 0.552466 0.056356 0.015394
0 0.754260 0.569117 0.058978 0.016023
0 0.814548 0.584826 0.058104 0.017279
0 0.816732 0.601948 0.058104 0.015708
