0 0.721337 0.292102 0.054449 0.015013
0 0.778884 0.307278 0.053564 0.014034
0 0.780212 0.323270 0.052678 0.014687
0 0.724436 0.340731 0.051793 0.013708
0 0.835547 0.354439 0.053564 0.015666
0 0.670872 0.374837 0.053564 0.015992
0 0.671093 0.390992 0.054892 0.014360
0 0.672643 0.407474 0.054449 0.013381
0 0.727977 0.421508 0.051793 0.014034
0 0.785303 0.437174 0.054892 0.014034
0 0.729748 0.454145 0.053564 0.012728
0 0.844179 0.468832 0.053121 0.012728
0 0.845507 0.485640 0.052236 0.014360
0 0.846835 0.502285 0.054892 0.014360
0 0.677069 0.521540 0.056220 0.014360
0 0.733732 0.537043 0.054449 0.014687
0 0.734838 0.553688 0.054892 0.015339
0 0.680168 0.570986 0.054449 0.015339
0 0.794157 0.586325 0.054006 0.014687
0 0.739265 0.603133 0.055777 0.014360
