0 0.799141 0.304623 0.053773 0.015963
0 0.799593 0.320752 0.053773 0.014300
0 0.800271 0.337546 0.054225 0.015298
0 0.742883 0.354340 0.054225 0.015630
0 0.743335 0.370635 0.055129 0.014965
0 0.856756 0.386598 0.054225 0.015630
0 0.856756 0.403891 0.054225 0.014965
0 0.800497 0.420851 0.054677 0.015630
0 0.744465 0.437812 0.054677 0.014300
0 0.743787 0.454273 0.054225 0.015298
0 0.744465 0.470901 0.054677 0.014633
0 0.688432 0.488693 0.052869 0.016295
0 0.688658 0.505487 0.052418 0.014633
0 0.687754 0.521616 0.054225 0.016295
0 0.801853 0.537912 0.053773 0.014965
0 0.744239 0.555038 0.056936 0.016628
0 0.802982 0.571500 0.054225 0.014300
0 0.859467 0.587795 0.057840 0.016295
0 0.802079 0.604756 0.056936 0.016960
0 0.745368 0.621383 0.055581 0.014300
