0 0.667485 0.290191 0.053170 0.013624
0 0.668303 0.305783 0.051534 0.013927
0 0.723108 0.320315 0.055624 0.015138
0 0.669325 0.337572 0.052761 0.014532
0 0.725358 0.352558 0.052761 0.013624
0 0.781800 0.367847 0.053579 0.014532
0 0.782413 0.384499 0.054806 0.014532
0 0.839877 0.399788 0.054397 0.014835
0 0.840286 0.415834 0.055215 0.013624
0 0.841104 0.432031 0.056033 0.014532
0 0.841922 0.448229 0.055215 0.015441
0 0.785481 0.465940 0.053579 0.015138
0 0.729857 0.483046 0.055215 0.016652
0 0.731084 0.500454 0.055215 0.015138
0 0.787730 0.514986 0.055624 0.014532
0 0.674642 0.532698 0.054397 0.014835
0 0.676483 0.549955 0.053988 0.016046
0 0.676278 0.567514 0.054397 0.017257
0 0.734765 0.582804 0.055215 0.014532
0 0.791820 0.598395 0.055624 0.014835
