0 0.771979 0.299826 0.054537 0.014286
0 0.717677 0.317596 0.053126 0.015679
0 0.717442 0.334321 0.052656 0.015679
0 0.831218 0.347909 0.053597 0.014983
0 0.664551 0.367770 0.052186 0.014983
0 0.719793 0.383449 0.054537 0.015679
0 0.777151 0.397561 0.054537 0.015331
0 0.665021 0.417247 0.054067 0.014983
0 0.666197 0.433972 0.054537 0.014286
0 0.836624 0.445470 0.055947 0.014286
0 0.724024 0.465679 0.054537 0.014286
0 0.782087 0.481359 0.055947 0.015679
0 0.669017 0.500871 0.055477 0.014983
0 0.726140 0.516028 0.053126 0.016725
0 0.841091 0.529791 0.055477 0.014983
0 0.727551 0.549652 0.055947 0.015679
0 0.728256 0.566028 0.055477 0.016376
0 0.673249 0.583972 0.057358 0.016028
0 0.787729 0.598258 0.054067 0.015331
0 0.846027 0.613937 0.055007 0.014634
