0 0.876442 0.310531 0.058119 0.016802
0 0.817657 0.326283 0.058563 0.015902
0 0.818101 0.342484 0.060337 0.015302
0 0.758873 0.357036 0.058119 0.014401
0 0.818767 0.374287 0.059006 0.015302
0 0.878660 0.390189 0.059006 0.015302
0 0.878882 0.405941 0.058563 0.015002
0 0.879104 0.421842 0.059006 0.016202
0 0.819210 0.437744 0.059894 0.016202
0 0.819876 0.453945 0.059450 0.015602
0 0.759317 0.469247 0.059894 0.016202
0 0.698536 0.485599 0.059006 0.015302
0 0.758429 0.502400 0.059006 0.016502
0 0.818988 0.519202 0.060337 0.015902
0 0.880435 0.536154 0.058119 0.015602
0 0.880213 0.552655 0.058563 0.016802
0 0.819432 0.568407 0.059450 0.015302
0 0.758429 0.584458 0.059006 0.015602
0 0.819432 0.601560 0.059450 0.016202
0 0.881544 0.618362 0.059450 0.016202
