0 0.679944 0.292532 0.054358 0.015070
0 0.737113 0.307267 0.056232 0.014401
0 0.796157 0.321835 0.054358 0.014066
0 0.796860 0.337910 0.055764 0.015405
0 0.853796 0.351976 0.054358 0.014735
0 0.798032 0.368721 0.054358 0.014066
0 0.741331 0.386135 0.055295 0.014066
0 0.683927 0.402880 0.054827 0.014066
0 0.742268 0.417950 0.057170 0.014735
0 0.801781 0.433356 0.055295 0.014735
0 0.860825 0.448761 0.058107 0.015405
0 0.803655 0.466343 0.056232 0.015070
0 0.745314 0.483423 0.057638 0.015070
0 0.688144 0.500335 0.055764 0.015405
0 0.746485 0.515908 0.058107 0.016410
0 0.806701 0.531983 0.057638 0.016410
0 0.867151 0.548058 0.059513 0.015740
0 0.808341 0.565640 0.058107 0.015405
0 0.750469 0.582719 0.057638 0.015405
0 0.691893 0.599297 0.057638 0.015740
