0 0.864189 0.290912 0.056063 0.013816
0 0.808127 0.306417 0.053455 0.015352
0 0.752282 0.323150 0.053890 0.014430
0 0.810734 0.337888 0.053455 0.014430
0 0.754237 0.355388 0.056063 0.014430
0 0.755106 0.370740 0.054324 0.013202
0 0.699044 0.387780 0.053455 0.013509
0 0.699696 0.403899 0.052151 0.014430
0 0.700348 0.420325 0.055193 0.012895
0 0.700782 0.435063 0.054324 0.013509
0 0.701000 0.452257 0.054759 0.013509
0 0.759235 0.467148 0.054759 0.013816
0 0.818557 0.482653 0.054324 0.014123
0 0.877879 0.499232 0.055628 0.015966
0 0.820078 0.515505 0.055628 0.015352
0 0.763364 0.532392 0.056932 0.014737
0 0.822468 0.548511 0.055193 0.014430
0 0.706432 0.565858 0.055193 0.014123
0 0.765319 0.581824 0.056497 0.014737
0 0.884181 0.597482 0.056932 0.014737
