0 0.859695 0.298194 0.054902 0.015883
0 0.860566 0.314232 0.053159 0.014949
0 0.861220 0.329181 0.053595 0.014326
0 0.861656 0.345842 0.053595 0.014014
0 0.862527 0.361570 0.056209 0.014326
0 0.862527 0.378543 0.055338 0.014637
0 0.863617 0.393958 0.054031 0.014326
0 0.806754 0.410775 0.055338 0.015571
0 0.806754 0.426814 0.055338 0.014014
0 0.806972 0.442853 0.055773 0.014949
0 0.807625 0.458891 0.057081 0.014637
0 0.808497 0.475864 0.056209 0.014949
0 0.808061 0.492214 0.056209 0.014014
0 0.750763 0.509187 0.056645 0.014326
0 0.750980 0.525537 0.056209 0.015883
0 0.751416 0.542199 0.055338 0.014949
0 0.751634 0.558704 0.057516 0.015571
0 0.751852 0.575522 0.056209 0.014949
0 0.693682 0.591716 0.057516 0.015571
0 0.752941 0.607910 0.056645 0.015571
