0 0.681695 0.313549 0.056638 0.015538
0 0.741957 0.330174 0.056638 0.014605
0 0.801314 0.346178 0.057544 0.014916
0 0.800408 0.361405 0.056638 0.013673
0 0.743317 0.377719 0.057544 0.015227
0 0.683960 0.393878 0.058450 0.014605
0 0.743090 0.410814 0.054372 0.013673
0 0.802900 0.426041 0.057091 0.013673
0 0.862936 0.441889 0.056638 0.016159
0 0.863842 0.458515 0.055732 0.013984
0 0.804712 0.474363 0.058903 0.014605
0 0.744449 0.491299 0.057997 0.014295
0 0.685093 0.507458 0.056185 0.014295
0 0.685319 0.523928 0.056638 0.013673
0 0.686452 0.539466 0.058903 0.014295
0 0.746262 0.556868 0.057091 0.014916
0 0.805618 0.573804 0.057997 0.016470
0 0.806525 0.589652 0.058903 0.015227
0 0.868826 0.606122 0.058450 0.015227
0 0.809017 0.623524 0.061169 0.017091
