0 0.651861 0.292372 0.052453 0.012612
0 0.706641 0.305444 0.052030 0.012919
0 0.707910 0.320671 0.051184 0.011996
0 0.708968 0.335281 0.052453 0.012919
0 0.764594 0.348354 0.052030 0.013227
0 0.820431 0.362042 0.053723 0.013534
0 0.766286 0.379422 0.053723 0.011996
0 0.658841 0.399108 0.054569 0.013227
0 0.714890 0.412335 0.053299 0.013842
0 0.770939 0.425561 0.052876 0.013227
0 0.827411 0.439249 0.054992 0.014149
0 0.774958 0.456936 0.052453 0.012612
0 0.720178 0.474777 0.052030 0.013227
0 0.776227 0.488465 0.051607 0.013534
0 0.833122 0.502461 0.052030 0.014457
0 0.778976 0.520763 0.054569 0.015380
0 0.725042 0.537373 0.052453 0.014149
0 0.670685 0.555060 0.052876 0.015072
0 0.727157 0.569363 0.052453 0.013534
0 0.784475 0.584743 0.053723 0.014765
