0 0.812054 0.297783 0.056250 0.015303
0 0.755357 0.314179 0.055357 0.014366
0 0.814063 0.329794 0.055804 0.014991
0 0.872991 0.344941 0.055804 0.014678
0 0.814732 0.361493 0.056250 0.013429
0 0.756696 0.378201 0.058036 0.013741
0 0.697768 0.394909 0.056250 0.015303
0 0.757812 0.410681 0.056696 0.014366
0 0.818527 0.426296 0.059375 0.013741
0 0.818527 0.443161 0.056696 0.014366
0 0.818973 0.459400 0.057589 0.013117
0 0.879241 0.475172 0.056696 0.013429
0 0.819866 0.492192 0.056696 0.014991
0 0.760045 0.509525 0.058482 0.014678
0 0.700893 0.527014 0.056250 0.015303
0 0.761607 0.542942 0.057143 0.016552
0 0.821652 0.559650 0.056696 0.014366
0 0.883036 0.576046 0.058929 0.015303
0 0.824554 0.592598 0.058929 0.015928
0 0.762277 0.609307 0.059375 0.014991
