0 0.736146 0.308387 0.056245 0.013978
0 0.796733 0.325568 0.059140 0.016308
0 0.737593 0.341730 0.056658 0.013104
0 0.796733 0.357164 0.057486 0.016016
0 0.856907 0.372452 0.057072 0.014560
0 0.738627 0.391817 0.055418 0.014269
0 0.682382 0.408853 0.055418 0.015143
0 0.740902 0.423850 0.055831 0.016016
0 0.800248 0.439429 0.056245 0.013978
0 0.859181 0.455300 0.059140 0.016599
0 0.801075 0.472772 0.059553 0.016016
0 0.742349 0.490973 0.057072 0.014560
0 0.802109 0.506115 0.058313 0.015725
0 0.803557 0.522568 0.058726 0.016599
0 0.685277 0.541642 0.057072 0.015725
0 0.685691 0.558096 0.056245 0.016016
0 0.863524 0.571345 0.057072 0.015725
0 0.865178 0.588381 0.057899 0.015434
0 0.864971 0.604834 0.058313 0.014560
0 0.865178 0.621724 0.060380 0.016308
