0 0.859898 0.310550 0.055297 0.014474
0 0.802742 0.327436 0.056227 0.014152
0 0.745586 0.344323 0.056227 0.014474
0 0.689126 0.360888 0.053903 0.013509
0 0.746515 0.376166 0.054368 0.013831
0 0.805762 0.392570 0.056691 0.014474
0 0.806691 0.407848 0.054833 0.012866
0 0.865474 0.423770 0.055297 0.015117
0 0.807853 0.439530 0.056227 0.015117
0 0.867100 0.455613 0.055762 0.015117
0 0.749071 0.473464 0.055762 0.014796
0 0.692844 0.490672 0.055762 0.013831
0 0.693541 0.506915 0.057156 0.014796
0 0.751859 0.522033 0.054833 0.014796
0 0.811338 0.537633 0.055762 0.015117
0 0.870353 0.553554 0.058550 0.014796
0 0.812732 0.570601 0.056691 0.016082
0 0.754647 0.587649 0.055762 0.016082
0 0.696561 0.604374 0.056691 0.014796
0 0.756273 0.620296 0.056227 0.015117
