0 0.666667 0.294657 0.051805 0.014543
0 0.667091 0.311255 0.053503 0.013595
0 0.723142 0.326589 0.053503 0.014543
0 0.667728 0.343029 0.053928 0.015808
0 0.780679 0.357572 0.054777 0.013911
0 0.725478 0.374486 0.053079 0.014859
0 0.670064 0.391084 0.052654 0.014543
0 0.838217 0.405628 0.054352 0.015808
0 0.839278 0.422068 0.053928 0.015175
0 0.783439 0.438350 0.056051 0.014859
0 0.728662 0.455738 0.053503 0.014859
0 0.728238 0.471704 0.055202 0.016440
0 0.785775 0.487986 0.054777 0.015492
0 0.673036 0.506007 0.054352 0.015492
0 0.730149 0.522131 0.054777 0.014227
0 0.674098 0.538887 0.053928 0.015492
0 0.788960 0.554853 0.055202 0.015175
0 0.732272 0.572242 0.054777 0.015808
0 0.676858 0.589156 0.055202 0.015492
0 0.848620 0.605280 0.055626 0.015492
