0 0.688889 0.296059 0.057143 0.014739
0 0.747619 0.311919 0.057596 0.015059
0 0.807937 0.327139 0.055782 0.014098
0 0.810431 0.342518 0.056236 0.013457
0 0.751701 0.359821 0.056689 0.014098
0 0.871429 0.374079 0.057596 0.013137
0 0.871882 0.391061 0.057596 0.014418
0 0.814512 0.407241 0.057143 0.013457
0 0.755556 0.424864 0.057143 0.014739
0 0.698186 0.443768 0.056689 0.014739
0 0.757143 0.458026 0.057596 0.014418
0 0.818594 0.473406 0.056236 0.013137
0 0.819955 0.490388 0.056236 0.014418
0 0.880272 0.505928 0.058050 0.013457
0 0.881406 0.522589 0.058503 0.014098
0 0.882766 0.539891 0.058503 0.014098
0 0.823129 0.557033 0.057143 0.014418
0 0.765306 0.574816 0.056689 0.014098
0 0.706576 0.593560 0.057143 0.014418
0 0.706803 0.610061 0.056689 0.014098
