0 0.734199 0.285427 0.053680 0.014542
0 0.791342 0.299505 0.053680 0.015470
0 0.736147 0.316986 0.054978 0.013304
0 0.794372 0.331528 0.058009 0.015161
0 0.851515 0.346380 0.056277 0.015780
0 0.681169 0.365563 0.055844 0.015161
0 0.739394 0.380879 0.057143 0.014851
0 0.797619 0.395730 0.054978 0.012995
0 0.798918 0.411974 0.057576 0.013923
0 0.799784 0.427908 0.055844 0.012995
0 0.859091 0.442915 0.056710 0.013923
0 0.685281 0.462717 0.055411 0.015161
0 0.743939 0.478032 0.055844 0.014233
0 0.803680 0.493502 0.055844 0.012995
0 0.864286 0.507890 0.058442 0.015780
0 0.804762 0.526454 0.059740 0.014542
0 0.748052 0.543626 0.058009 0.014851
0 0.748701 0.560489 0.056710 0.015161
0 0.809740 0.576269 0.058442 0.015161
0 0.750866 0.593441 0.056710 0.014851
