0 0.746117 0.302155 0.057377 0.015265
0 0.805651 0.317570 0.055651 0.014966
0 0.747843 0.334780 0.057377 0.014666
0 0.689603 0.351541 0.056514 0.014666
0 0.807161 0.366208 0.056946 0.014666
0 0.808671 0.382520 0.058240 0.015564
0 0.868852 0.397785 0.058671 0.014966
0 0.691329 0.416791 0.059965 0.015265
0 0.691329 0.432805 0.057377 0.014966
0 0.751079 0.448668 0.058671 0.015564
0 0.811907 0.464083 0.059534 0.015265
0 0.752157 0.481293 0.059965 0.015564
0 0.872735 0.495959 0.058671 0.014966
0 0.693270 0.514966 0.056946 0.014666
0 0.694349 0.532026 0.059103 0.014666
0 0.814927 0.546992 0.060397 0.016462
0 0.755393 0.563604 0.060397 0.015564
0 0.816221 0.579767 0.058671 0.015564
0 0.696074 0.597576 0.058240 0.014666
0 0.878343 0.612541 0.059534 0.015265
