0 0.800664 0.299378 0.053540 0.014619
0 0.743363 0.316019 0.053982 0.014308
0 0.859735 0.330949 0.056637 0.014930
0 0.686504 0.348678 0.057080 0.015552
0 0.688274 0.364541 0.056195 0.013686
0 0.803982 0.379627 0.058407 0.015241
0 0.864159 0.395179 0.056637 0.015241
0 0.746460 0.412442 0.055752 0.016174
0 0.747124 0.428616 0.055310 0.015552
0 0.690044 0.445879 0.056195 0.015241
0 0.807301 0.461120 0.057080 0.014619
0 0.749115 0.477605 0.055752 0.014619
0 0.866372 0.493002 0.057522 0.015552
0 0.808628 0.509798 0.058850 0.016174
0 0.868584 0.526128 0.056637 0.014619
0 0.750000 0.543079 0.056637 0.014308
0 0.811062 0.559565 0.056637 0.014930
0 0.693142 0.577138 0.055310 0.016485
0 0.811062 0.592379 0.059292 0.015241
0 0.694027 0.609642 0.057080 0.013686
