0 0.684524 0.296227 0.055996 0.015591
0 0.742725 0.311506 0.055996 0.013096
0 0.742945 0.327409 0.055556 0.014344
0 0.744489 0.343467 0.055996 0.014655
0 0.802249 0.358123 0.055115 0.014032
0 0.860450 0.373714 0.057760 0.014655
0 0.861332 0.389928 0.056878 0.013408
0 0.862654 0.405987 0.056878 0.014344
0 0.805335 0.422513 0.056878 0.014344
0 0.748016 0.439663 0.056878 0.014344
0 0.691358 0.456345 0.056437 0.015279
0 0.749339 0.472092 0.055996 0.014967
0 0.809083 0.487683 0.056437 0.014344
0 0.809524 0.503898 0.057319 0.014967
0 0.868386 0.519645 0.055996 0.015279
0 0.870150 0.536171 0.056878 0.014655
0 0.811949 0.553009 0.056878 0.015279
0 0.753748 0.569691 0.056878 0.015591
0 0.755291 0.587153 0.057319 0.015591
0 0.814815 0.603368 0.056437 0.016215
