0 0.689414 0.300060 0.055993 0.015219
0 0.867673 0.315279 0.057305 0.015816
0 0.749781 0.331990 0.057743 0.016413
0 0.809274 0.347061 0.056868 0.014921
0 0.750437 0.363772 0.057305 0.013130
0 0.750437 0.379887 0.056430 0.014324
0 0.692476 0.396747 0.055993 0.014026
0 0.751531 0.411967 0.055993 0.014026
0 0.811680 0.428230 0.057305 0.015518
0 0.871172 0.443450 0.056430 0.014921
0 0.692038 0.460907 0.055993 0.015219
0 0.751312 0.476127 0.057305 0.015219
0 0.812336 0.492838 0.056868 0.015219
0 0.751969 0.508953 0.059493 0.015219
0 0.812992 0.525216 0.056430 0.014921
0 0.873360 0.541331 0.057305 0.014921
0 0.873797 0.557296 0.057305 0.014623
0 0.694007 0.574605 0.056430 0.015816
0 0.753500 0.590719 0.058180 0.015219
0 0.814742 0.606834 0.058180 0.016413
