0 0.689077 0.271718 0.052654 0.012048
0 0.746954 0.285510 0.052654 0.013633
0 0.693211 0.303266 0.054830 0.012365
0 0.749565 0.316424 0.053525 0.012682
0 0.696040 0.333545 0.053525 0.012682
0 0.809617 0.345276 0.053525 0.013316
0 0.754352 0.363031 0.055265 0.013951
0 0.699086 0.380628 0.054395 0.012365
0 0.644473 0.398383 0.053960 0.012999
0 0.702350 0.412175 0.053960 0.013951
0 0.760661 0.426126 0.053960 0.013951
0 0.819191 0.441503 0.057876 0.014268
0 0.763055 0.459100 0.056136 0.014585
0 0.708442 0.477172 0.055701 0.015219
0 0.709530 0.494134 0.054395 0.014268
0 0.654482 0.511414 0.055701 0.015219
0 0.713011 0.526316 0.056136 0.013951
0 0.772411 0.541376 0.055701 0.015536
0 0.832463 0.557070 0.055701 0.015219
0 0.776980 0.574826 0.056136 0.014585
