0 0.849351 0.318406 0.055556 0.015942
0 0.791363 0.335507 0.056367 0.017101
0 0.848743 0.351594 0.056772 0.015652
0 0.849757 0.367826 0.055556 0.015652
0 0.734185 0.385797 0.055556 0.015652
0 0.734793 0.402029 0.056772 0.015652
0 0.677413 0.419130 0.056367 0.014493
0 0.733779 0.434928 0.057989 0.015942
0 0.792174 0.451304 0.057178 0.016812
0 0.849148 0.467681 0.056772 0.016522
0 0.791768 0.484348 0.057989 0.015072
0 0.791565 0.500725 0.057583 0.015362
0 0.734185 0.518406 0.055556 0.015362
0 0.849554 0.533478 0.055961 0.015942
0 0.676805 0.551304 0.055961 0.015072
0 0.849554 0.566957 0.058394 0.016812
0 0.676805 0.583768 0.055961 0.015072
0 0.733374 0.600145 0.057178 0.014783
0 0.792174 0.615942 0.055556 0.014493
0 0.849959 0.632029 0.055150 0.014783
