0 0.752717 0.312821 0.056438 0.016027
0 0.811037 0.328092 0.055184 0.014515
0 0.810619 0.344723 0.056856 0.015724
0 0.754181 0.361959 0.055184 0.015119
0 0.811246 0.378137 0.054766 0.014212
0 0.869774 0.394315 0.057274 0.015119
0 0.812082 0.411098 0.056438 0.015422
0 0.755226 0.427578 0.056438 0.014515
0 0.755226 0.443907 0.057274 0.015119
0 0.698579 0.461445 0.056020 0.016329
0 0.698788 0.478682 0.056438 0.015119
0 0.698161 0.495011 0.055184 0.015724
0 0.755853 0.511037 0.055184 0.015724
0 0.813336 0.527669 0.056438 0.015724
0 0.871656 0.542939 0.057692 0.015422
0 0.872910 0.560327 0.059365 0.016329
0 0.814590 0.576807 0.056438 0.014817
0 0.815217 0.593741 0.056020 0.015422
0 0.815217 0.610977 0.057692 0.014817
0 0.816054 0.627306 0.056856 0.014817
