0 0.684479 0.289087 0.056319 0.014697
0 0.860976 0.302376 0.056319 0.014384
0 0.861863 0.318793 0.057206 0.014071
0 0.862971 0.334897 0.057650 0.014384
0 0.745676 0.352720 0.057206 0.014384
0 0.746563 0.368981 0.057206 0.015009
0 0.688470 0.386179 0.056319 0.015009
0 0.807982 0.400407 0.060310 0.014697
0 0.749224 0.417761 0.057206 0.015009
0 0.868736 0.431832 0.057650 0.015009
0 0.690909 0.451689 0.056763 0.015322
0 0.691574 0.468887 0.057206 0.015322
0 0.750776 0.484053 0.056763 0.014384
0 0.811530 0.499844 0.056763 0.014071
0 0.751885 0.517667 0.058980 0.014071
0 0.693792 0.535178 0.057206 0.014697
0 0.875166 0.549250 0.058093 0.014071
0 0.815078 0.567230 0.058537 0.015009
0 0.754989 0.584428 0.058093 0.015009
0 0.816851 0.600844 0.058537 0.015322
