0 0.745661 0.280751 0.055630 0.013146
0 0.805296 0.294679 0.056520 0.013459
0 0.748999 0.312520 0.056075 0.014710
0 0.692034 0.330047 0.056075 0.013459
0 0.750556 0.344444 0.056520 0.014085
0 0.810859 0.358372 0.056965 0.014397
0 0.752559 0.375900 0.057855 0.013772
0 0.696484 0.393740 0.056075 0.013772
0 0.872497 0.403443 0.057410 0.014397
0 0.757009 0.424100 0.057855 0.014397
0 0.698932 0.442254 0.060080 0.014397
0 0.758344 0.456495 0.057855 0.014710
0 0.878060 0.469327 0.057855 0.014710
0 0.879395 0.486541 0.058745 0.013459
0 0.822207 0.503599 0.058300 0.014397
0 0.764352 0.521127 0.057410 0.015649
0 0.824878 0.536620 0.057410 0.013459
0 0.767690 0.555086 0.056075 0.015962
0 0.708945 0.572613 0.057855 0.014710
0 0.890298 0.584664 0.058300 0.013772
