0 0.621693 0.265501 0.051587 0.014137
0 0.673776 0.279886 0.052579 0.016617
0 0.725694 0.293899 0.052579 0.013889
0 0.625000 0.308160 0.050926 0.015625
0 0.779597 0.321429 0.053902 0.014385
0 0.679067 0.337922 0.052579 0.015129
0 0.783730 0.351190 0.054894 0.014385
0 0.627811 0.366939 0.051257 0.015129
0 0.786541 0.380456 0.053902 0.016369
0 0.681713 0.397197 0.055225 0.015129
0 0.737269 0.412326 0.054563 0.016617
0 0.631779 0.427951 0.054563 0.017113
0 0.687169 0.443700 0.054233 0.013889
0 0.740575 0.459077 0.055886 0.017361
0 0.796792 0.474330 0.057870 0.016121
0 0.745370 0.491443 0.055556 0.016617
0 0.690807 0.508309 0.055556 0.016617
0 0.636409 0.525918 0.057870 0.017113
0 0.694940 0.541047 0.057209 0.016121
0 0.807374 0.556920 0.057209 0.015625
