0 0.630126 0.268849 0.049272 0.013889
0 0.682870 0.281746 0.048942 0.014881
0 0.786541 0.292659 0.049272 0.013889
0 0.635747 0.309400 0.051257 0.013145
0 0.791997 0.319692 0.049603 0.013393
0 0.690146 0.336310 0.051587 0.014881
0 0.639054 0.350694 0.053241 0.012897
0 0.800099 0.362847 0.053241 0.014881
0 0.749504 0.377728 0.053241 0.014385
0 0.644180 0.395089 0.054233 0.015377
0 0.807374 0.407242 0.053902 0.014881
0 0.702546 0.424355 0.053241 0.014881
0 0.812831 0.437376 0.052249 0.014633
0 0.651124 0.456597 0.053571 0.015377
0 0.819610 0.468998 0.053241 0.016369
0 0.655423 0.488467 0.055556 0.016121
0 0.769180 0.501860 0.054894 0.014137
0 0.715939 0.520337 0.055556 0.015873
0 0.660880 0.537946 0.055886 0.015873
0 0.834491 0.551835 0.057870 0.016865
