0 0.614749 0.266989 0.050926 0.014633
0 0.615245 0.281250 0.051918 0.013393
0 0.616567 0.295635 0.052579 0.013393
0 0.669147 0.310020 0.053241 0.014385
0 0.670966 0.323661 0.052249 0.014881
0 0.671296 0.339162 0.053571 0.014137
0 0.724702 0.351935 0.053241 0.016865
0 0.726190 0.368552 0.054894 0.014385
0 0.727017 0.383433 0.055886 0.014385
0 0.781415 0.397693 0.053571 0.015625
0 0.783399 0.414187 0.057540 0.014881
0 0.785549 0.429563 0.054563 0.016369
0 0.733466 0.445312 0.056217 0.016121
0 0.733466 0.460938 0.054894 0.016617
0 0.735946 0.478671 0.054563 0.015377
0 0.682705 0.494048 0.054563 0.015873
0 0.683862 0.511285 0.056878 0.016121
0 0.684028 0.528398 0.056548 0.019097
0 0.629795 0.544395 0.056548 0.016865
0 0.799438 0.559896 0.056548 0.018105
