0 0.614418 0.262029 0.050265 0.013145
0 0.615245 0.276166 0.050595 0.014137
0 0.616733 0.288070 0.050926 0.013145
0 0.617725 0.302083 0.050926 0.012897
0 0.670304 0.314236 0.050926 0.012401
0 0.723545 0.327381 0.052249 0.014385
0 0.776951 0.340526 0.053241 0.014385
0 0.675265 0.356399 0.052910 0.012897
0 0.729497 0.370784 0.052910 0.014881
0 0.784557 0.384425 0.054563 0.015377
0 0.679894 0.399554 0.055556 0.013889
0 0.790013 0.413318 0.053571 0.014137
0 0.684028 0.429812 0.053902 0.014881
0 0.795470 0.443576 0.055886 0.013641
0 0.743386 0.460565 0.054894 0.016369
0 0.634590 0.477183 0.056217 0.014385
0 0.804398 0.490947 0.055886 0.015625
0 0.637401 0.510541 0.055886 0.016617
0 0.810185 0.523810 0.056878 0.014881
0 0.640542 0.543651 0.056217 0.016369
