0 0.654927 0.228423 0.052579 0.014385
0 0.656085 0.242932 0.054233 0.013145
0 0.657407 0.257440 0.054894 0.013889
0 0.659061 0.272693 0.056217 0.015625
0 0.660384 0.287202 0.054894 0.013889
0 0.717758 0.301091 0.055225 0.014881
0 0.775132 0.315724 0.056217 0.014385
0 0.833003 0.330605 0.056217 0.016865
0 0.835979 0.347346 0.057540 0.015625
0 0.838294 0.363219 0.057540 0.014137
0 0.840443 0.379092 0.059193 0.016121
0 0.669808 0.398189 0.058532 0.016121
0 0.730324 0.413566 0.059193 0.016121
0 0.848380 0.428695 0.059193 0.014633
0 0.733135 0.447049 0.058201 0.017113
0 0.853505 0.463046 0.060185 0.018353
0 0.737103 0.481647 0.059524 0.017361
0 0.858796 0.497768 0.059524 0.015873
0 0.740741 0.516369 0.058862 0.017361
0 0.683366 0.535590 0.060516 0.016121
