0 0.637401 0.285218 0.050595 0.014881
0 0.637235 0.299851 0.050926 0.013889
0 0.689649 0.314732 0.051918 0.015873
0 0.742725 0.328497 0.050926 0.014137
0 0.794643 0.343130 0.049603 0.015129
0 0.641369 0.358755 0.052579 0.017609
0 0.693618 0.372768 0.051257 0.014385
0 0.747354 0.387525 0.054233 0.016121
0 0.695767 0.404266 0.053571 0.017361
0 0.750165 0.418651 0.053902 0.015873
0 0.643684 0.434276 0.055225 0.015377
0 0.805390 0.449777 0.053902 0.016617
0 0.646329 0.466394 0.055225 0.017609
0 0.809358 0.480903 0.056548 0.015377
0 0.756448 0.498388 0.055886 0.016121
0 0.703538 0.514509 0.056548 0.015625
0 0.649636 0.531746 0.056548 0.017361
0 0.760086 0.546627 0.055225 0.016369
0 0.817295 0.564112 0.057209 0.016617
0 0.707672 0.581721 0.056878 0.018105
