0 0.633433 0.252108 0.049272 0.014137
0 0.684193 0.264757 0.048942 0.013145
0 0.736442 0.278398 0.048942 0.014633
0 0.637897 0.292535 0.048280 0.014137
0 0.791171 0.303819 0.049934 0.013393
0 0.742063 0.318452 0.049603 0.013393
0 0.796462 0.331845 0.051257 0.014385
0 0.644015 0.347718 0.051918 0.014385
0 0.646164 0.362475 0.050926 0.015625
0 0.751488 0.374504 0.052579 0.014881
0 0.805886 0.389385 0.051587 0.014881
0 0.650132 0.406870 0.054233 0.015129
0 0.706680 0.435764 0.055556 0.014881
0 0.813327 0.433656 0.053902 0.015129
0 0.762731 0.450521 0.055225 0.016617
0 0.819444 0.464658 0.054233 0.015625
0 0.711475 0.484003 0.055225 0.020089
0 0.824901 0.496776 0.055225 0.015873
0 0.716931 0.515501 0.055556 0.018105
0 0.831680 0.530010 0.055556 0.016865
