0 0.584987 0.269469 0.052249 0.015625
0 0.736111 0.282614 0.050926 0.013145
0 0.586971 0.298487 0.052249 0.014137
0 0.688823 0.310888 0.052910 0.015625
0 0.640212 0.326141 0.049603 0.013889
0 0.691964 0.340030 0.051918 0.015377
0 0.641534 0.354663 0.052910 0.013393
0 0.745370 0.367932 0.052910 0.015129
0 0.592097 0.385417 0.052579 0.015377
0 0.697421 0.399306 0.053571 0.015873
0 0.750827 0.414187 0.053902 0.016865
0 0.699570 0.429315 0.055225 0.014881
0 0.595569 0.446677 0.053571 0.014385
0 0.702877 0.460813 0.055225 0.015873
0 0.757440 0.475198 0.053902 0.015377
0 0.597884 0.493304 0.054233 0.015873
0 0.707011 0.507812 0.055556 0.015625
0 0.653935 0.525174 0.055886 0.015625
0 0.709656 0.540675 0.054894 0.016369
0 0.602017 0.558656 0.054563 0.017609
