0 0.655754 0.276538 0.052910 0.015377
0 0.762070 0.291915 0.053241 0.015873
0 0.656746 0.309152 0.054233 0.016121
0 0.817460 0.322049 0.055556 0.015129
0 0.712136 0.339038 0.054563 0.015873
0 0.820437 0.353051 0.055556 0.016121
0 0.768188 0.370288 0.055556 0.016369
0 0.661045 0.388021 0.057540 0.014137
0 0.769676 0.402158 0.054563 0.015625
0 0.717262 0.420387 0.056217 0.016369
0 0.663690 0.436756 0.054233 0.015873
0 0.773975 0.451017 0.055886 0.015625
0 0.720238 0.467882 0.054894 0.015625
0 0.831019 0.482391 0.056217 0.016369
0 0.667493 0.502604 0.054563 0.016121
0 0.833499 0.515253 0.055886 0.015625
0 0.779597 0.532862 0.055225 0.016617
0 0.726190 0.550347 0.057540 0.015873
0 0.727017 0.567584 0.056548 0.016617
0 0.729332 0.584325 0.055886 0.015873
