0 0.655919 0.300471 0.053902 0.014633
0 0.709987 0.314360 0.051587 0.015625
0 0.763558 0.328869 0.053571 0.014385
0 0.818452 0.341022 0.054894 0.017857
0 0.712136 0.360739 0.053902 0.017609
0 0.766700 0.375620 0.054563 0.016121
0 0.823082 0.390749 0.056217 0.016121
0 0.660218 0.408358 0.053902 0.015625
0 0.716104 0.424107 0.055886 0.016865
0 0.716270 0.439732 0.054894 0.012897
0 0.715774 0.455109 0.054563 0.016865
0 0.717758 0.471602 0.055886 0.014137
0 0.718419 0.487103 0.055225 0.014881
0 0.719411 0.504092 0.056548 0.016617
0 0.720403 0.519841 0.055886 0.015873
0 0.776290 0.536954 0.055886 0.017361
0 0.834160 0.552703 0.055225 0.015129
0 0.834821 0.568700 0.056548 0.015377
0 0.837467 0.585689 0.058532 0.016121
0 0.669312 0.603051 0.056217 0.016617
