0 0.624669 0.248016 0.047619 0.013889
0 0.673942 0.259921 0.047619 0.011905
0 0.627315 0.274058 0.048280 0.013889
0 0.727348 0.285094 0.048611 0.012153
0 0.679729 0.298859 0.049934 0.014385
0 0.782407 0.311508 0.049603 0.013393
0 0.733466 0.324901 0.049603 0.013889
0 0.633433 0.340154 0.049934 0.015625
0 0.789187 0.352431 0.051257 0.013393
0 0.739914 0.368056 0.050595 0.015873
0 0.689980 0.381448 0.053241 0.014385
0 0.796958 0.396205 0.051587 0.015625
0 0.640046 0.412202 0.053241 0.014385
0 0.802083 0.425719 0.051257 0.014137
0 0.643849 0.442336 0.052910 0.016617
0 0.807209 0.456969 0.053571 0.015625
0 0.646660 0.474082 0.053902 0.016617
0 0.814153 0.488467 0.056878 0.016617
0 0.650132 0.506572 0.057540 0.015625
0 0.762566 0.519965 0.056217 0.015129
