0 0.639385 0.268849 0.051918 0.013393
0 0.743552 0.281870 0.053241 0.013145
0 0.796296 0.294891 0.052249 0.015377
0 0.643188 0.310392 0.052249 0.012649
0 0.696098 0.325025 0.052249 0.015129
0 0.750496 0.336434 0.053902 0.014137
0 0.803737 0.350570 0.053902 0.012649
0 0.646164 0.366815 0.054894 0.012401
0 0.702712 0.380084 0.052910 0.015129
0 0.756283 0.394593 0.056217 0.015377
0 0.813823 0.409846 0.058201 0.015625
0 0.705357 0.425347 0.055556 0.014881
0 0.816964 0.439236 0.055225 0.015873
0 0.654101 0.456721 0.054894 0.015625
0 0.822090 0.471106 0.058862 0.017113
0 0.712963 0.487847 0.056217 0.015873
0 0.826885 0.503968 0.057870 0.017361
0 0.715939 0.520213 0.058201 0.015129
0 0.831349 0.537698 0.060185 0.017857
0 0.718254 0.554315 0.060847 0.016369
