0 0.629299 0.273189 0.050265 0.015129
0 0.776620 0.286954 0.049272 0.014881
0 0.730985 0.300347 0.050595 0.013393
0 0.682044 0.312872 0.051918 0.014137
0 0.633763 0.327009 0.051257 0.016121
0 0.634425 0.340402 0.052579 0.013641
0 0.634755 0.354663 0.049934 0.015377
0 0.636739 0.369296 0.051918 0.013889
0 0.686673 0.369296 0.051257 0.015377
0 0.687831 0.383185 0.051587 0.013889
0 0.688657 0.397197 0.053902 0.014633
0 0.690642 0.412450 0.051918 0.014881
0 0.743552 0.426959 0.051918 0.015625
0 0.744709 0.442460 0.052249 0.016865
0 0.745536 0.457341 0.055225 0.014881
0 0.797950 0.457093 0.053571 0.017361
0 0.799934 0.472222 0.053571 0.014881
0 0.803075 0.488095 0.053902 0.015873
0 0.750331 0.503224 0.056217 0.016865
0 0.753472 0.520461 0.055225 0.017113
0 0.754795 0.536086 0.057870 0.017609
0 0.756614 0.552951 0.056878 0.015129
