0 0.624339 0.292287 0.048942 0.014633
0 0.673115 0.305680 0.048611 0.014633
0 0.722884 0.318452 0.048280 0.011905
0 0.773479 0.331225 0.049603 0.011657
0 0.677414 0.344122 0.049272 0.013641
0 0.727844 0.357267 0.053571 0.014633
0 0.679563 0.369544 0.052249 0.013393
0 0.731481 0.383309 0.049603 0.014633
0 0.631448 0.395709 0.051257 0.013641
0 0.734127 0.410590 0.052249 0.015129
0 0.786872 0.424107 0.051257 0.012401
0 0.686012 0.437500 0.052579 0.014385
0 0.739087 0.451637 0.052910 0.014385
0 0.792824 0.467510 0.053902 0.016369
0 0.741237 0.480159 0.054563 0.014385
0 0.690311 0.496032 0.054563 0.015873
0 0.639716 0.510665 0.056548 0.016865
0 0.695602 0.526042 0.054563 0.014385
0 0.804729 0.542163 0.055886 0.018849
0 0.641369 0.557044 0.057870 0.016865
