0 0.618552 0.306672 0.049272 0.012153
0 0.667328 0.318948 0.048280 0.012401
0 0.715278 0.329861 0.047619 0.013393
0 0.767030 0.341518 0.051257 0.012401
0 0.768849 0.354043 0.050265 0.013145
0 0.770999 0.367312 0.051257 0.012897
0 0.773148 0.380208 0.050926 0.010913
0 0.725198 0.394221 0.051587 0.014137
0 0.627315 0.408978 0.052910 0.012897
0 0.779927 0.419643 0.051257 0.013889
0 0.781746 0.433408 0.053571 0.013145
0 0.631118 0.449405 0.051918 0.012897
0 0.787037 0.462302 0.052910 0.014385
0 0.789683 0.476314 0.052910 0.014633
0 0.687335 0.491691 0.054563 0.015625
0 0.636409 0.506696 0.053241 0.014385
0 0.743717 0.520957 0.056217 0.015129
0 0.692460 0.537078 0.054894 0.014633
0 0.748677 0.551959 0.054894 0.016121
0 0.805060 0.566964 0.055886 0.014881
