0 0.629795 0.241319 0.051257 0.016865
0 0.682044 0.255580 0.052579 0.014633
0 0.631614 0.269841 0.050926 0.015377
0 0.684689 0.283358 0.051918 0.014633
0 0.632937 0.297619 0.051587 0.014881
0 0.686177 0.311756 0.053571 0.014385
0 0.635251 0.326017 0.052910 0.015625
0 0.688161 0.339658 0.052910 0.013641
0 0.637235 0.355903 0.053571 0.013889
0 0.690476 0.369420 0.052910 0.015129
0 0.744378 0.383805 0.055556 0.014633
0 0.799934 0.398934 0.056217 0.016121
0 0.747189 0.414559 0.055886 0.013641
0 0.803241 0.429688 0.056217 0.013641
0 0.750000 0.446057 0.054233 0.016121
0 0.697586 0.462426 0.055886 0.015625
0 0.644180 0.477555 0.055556 0.016121
0 0.755622 0.493304 0.057540 0.017361
0 0.701389 0.509673 0.056878 0.016369
0 0.646991 0.526166 0.058532 0.016121
