0 0.657738 0.249380 0.054233 0.016617
0 0.658730 0.263889 0.054233 0.014385
0 0.714120 0.279142 0.053902 0.016617
0 0.769015 0.293279 0.055886 0.015129
0 0.715939 0.309896 0.056217 0.016121
0 0.772652 0.324777 0.055886 0.016617
0 0.663690 0.342138 0.056878 0.015625
0 0.831515 0.356151 0.058532 0.017361
0 0.665344 0.372892 0.058201 0.014633
0 0.832507 0.389013 0.057870 0.017609
0 0.666997 0.406498 0.059524 0.015377
0 0.836144 0.422247 0.057209 0.018601
0 0.725198 0.438988 0.056878 0.017361
0 0.782077 0.455977 0.057540 0.016617
0 0.840774 0.473462 0.057870 0.020337
0 0.670139 0.491071 0.057870 0.015873
0 0.843419 0.507440 0.060516 0.017857
0 0.729497 0.524554 0.056878 0.015873
0 0.789848 0.542907 0.057870 0.017857
0 0.848876 0.559028 0.060185 0.016369
