0 0.625827 0.245784 0.052579 0.014881
0 0.625827 0.260417 0.053902 0.015377
0 0.679233 0.273686 0.052249 0.014137
0 0.732474 0.287946 0.052910 0.015873
0 0.786872 0.302703 0.055225 0.014633
0 0.736607 0.318204 0.053241 0.015377
0 0.683862 0.331349 0.054894 0.015377
0 0.632440 0.346974 0.055886 0.015377
0 0.633433 0.362723 0.055886 0.015625
0 0.688492 0.378224 0.055556 0.015377
0 0.743386 0.393353 0.056217 0.016865
0 0.800265 0.409226 0.056217 0.015377
0 0.637235 0.425347 0.054233 0.016865
0 0.803075 0.440104 0.057209 0.016617
0 0.639716 0.457589 0.055225 0.017361
0 0.807374 0.472594 0.059193 0.016617
0 0.641700 0.490823 0.055886 0.017361
0 0.756448 0.506200 0.057870 0.017361
0 0.815311 0.523438 0.058532 0.019097
0 0.645007 0.542163 0.058532 0.019841
