0 0.637566 0.307664 0.049603 0.013145
0 0.689649 0.320312 0.050595 0.012153
0 0.742890 0.333581 0.051918 0.013889
0 0.693948 0.349702 0.051257 0.013889
0 0.644180 0.366195 0.051587 0.013145
0 0.749835 0.377480 0.052579 0.014385
0 0.804563 0.390749 0.051587 0.013641
0 0.701720 0.409350 0.053571 0.014633
0 0.756944 0.422867 0.053571 0.014385
0 0.652447 0.441840 0.054233 0.015129
0 0.815807 0.452753 0.052910 0.014633
0 0.709987 0.471974 0.053571 0.014881
0 0.820933 0.485491 0.055225 0.016121
0 0.659557 0.506076 0.055225 0.014633
0 0.771825 0.518973 0.053571 0.016617
0 0.719411 0.537698 0.055886 0.015377
0 0.665675 0.556300 0.055556 0.015873
0 0.779762 0.569568 0.056217 0.016617
0 0.669147 0.590030 0.057209 0.014881
0 0.842097 0.602431 0.057870 0.018353
