0 0.662533 0.274678 0.050595 0.015625
0 0.714286 0.288938 0.050926 0.015873
0 0.765542 0.303075 0.052910 0.014881
0 0.766038 0.316468 0.051918 0.014385
0 0.769015 0.330977 0.052579 0.013145
0 0.770172 0.345486 0.051587 0.013889
0 0.721065 0.358755 0.051257 0.014137
0 0.617560 0.373512 0.055225 0.014881
0 0.721065 0.389757 0.053241 0.016617
0 0.619213 0.403026 0.054563 0.016865
0 0.777447 0.419395 0.050926 0.017857
0 0.621362 0.434400 0.052910 0.018105
0 0.779597 0.450025 0.055225 0.015129
0 0.674107 0.465030 0.053902 0.015873
0 0.621032 0.479911 0.053571 0.016369
0 0.622024 0.496776 0.055556 0.017361
0 0.731151 0.512897 0.055556 0.016369
0 0.624173 0.529762 0.055886 0.015377
0 0.734623 0.544767 0.056548 0.016617
0 0.626653 0.561384 0.056217 0.018105
