0 0.645668 0.227555 0.055886 0.017113
0 0.701389 0.244544 0.054894 0.016865
0 0.756944 0.259053 0.056217 0.015625
0 0.813492 0.275794 0.055556 0.018353
0 0.759921 0.289931 0.057540 0.014881
0 0.759259 0.307044 0.058201 0.017857
0 0.817295 0.322917 0.057209 0.016369
0 0.706184 0.339782 0.057209 0.015873
0 0.650628 0.356399 0.056548 0.015873
0 0.764716 0.371280 0.058532 0.014881
0 0.822421 0.388021 0.056217 0.016617
0 0.709325 0.406746 0.058201 0.017857
0 0.824405 0.422371 0.058862 0.017857
0 0.653439 0.440724 0.057540 0.017857
0 0.826389 0.454985 0.058862 0.017113
0 0.770172 0.473338 0.058201 0.019097
0 0.712632 0.490575 0.058201 0.017857
0 0.771329 0.507316 0.057209 0.015625
0 0.831184 0.524182 0.059854 0.018105
0 0.657242 0.542287 0.058532 0.017113
